100 0.005616656100028194
200 0.019351907799500623
300 0.03679216469936364
400 0.05763567610047175
500 0.08932148000021697
600 0.1146010569005739
700 0.15445582380052655
800 0.20240614180002012
900 0.2483077783999761
1000 0.28298744060011816
1100 0.35338502309969044
1200 0.3871474363011657
1300 0.4465820879999228
1400 0.4984264875998633
1500 0.5633013702994504
1600 0.650798882899835
1700 0.7651270815993485
1800 0.8449947709010303
1900 0.8865917711009388
2000 0.9928188375008176
2100 1.0368552206997266
2200 1.1616014066003117
2300 1.2443059385001107
2400 1.3916974576994108
2500 1.4950886983988312
2600 1.581090617299924
2700 1.778624914300235
2800 1.7679899367005418
2900 2.016150314600236
3000 2.300276061999466
3100 2.305394134299786
3200 2.4895946156007995
3300 2.557828864000476
3400 2.702460920199519
3500 2.9507828258007067
3600 3.078002939601356
3700 3.2371726040993964
3800 3.387577141699876
3900 3.528460554799312
4000 3.8096584948005328
4100 4.025330002000556
4200 4.281168040200282
4300 4.5942474823001245
4400 4.575331616699623
4500 4.693550867100567
4600 4.9496686549995506
4700 5.01758745219995
4800 5.284739901899229
4900 5.337632409900107