100 0.0015207193995593117
200 0.006298409999726573
300 0.011658439699749579
400 0.01704990159960289
500 0.024837088600543213
600 0.028666944199721912
700 0.03745166010121466
800 0.04260249350045342
900 0.04889113799981715
1000 0.05320136830050615
1100 0.06326029090050725
1200 0.06097232090032776
1300 0.06924432039959356
1400 0.07198874349996913
1500 0.08014907280085026
1600 0.08959075350030617
1700 0.08931987459945959
1800 0.09508298639993881
1900 0.08577631720072532
2000 0.09721649160055676
2100 0.09520269089989597
2200 0.10288831550060422
2300 0.1001571837998199
2400 0.11692205550025392
2500 0.12823120759894663
2600 0.12832411089912057
2700 0.13422083020013814
2800 0.12800197649994516
2900 0.1270959192999726
3000 0.15246035309974104
3100 0.14045546149973234
3200 0.15515256030084856
3300 0.14786161319971142
3400 0.15073728779934753
3500 0.17042653169992264
3600 0.1824325409004814
3700 0.15342420729975856
3800 0.1643633480005519
3900 0.17261223050008995
4000 0.17590468329944997
4100 0.17659216469983222
4200 0.19712718759983544
4300 0.18331018039971242
4400 0.18228013189946068
4500 0.1851783694997721
4600 0.18720191000029446
4700 0.18805359219986711
4800 0.19281516629998804
4900 0.1769326278990775